002018: 24 0e 00 0c                 # Set Oedo Castle as initial warp point

VALIDATION

002018: 24 0e 00 0d

009b9c: 08 28 00 00 80 21 73 D0
        07 12 00 00 80 21 73 E8
        09 18 00 00 80 21 74 00
        06 11 00 00 80 21 74 18
        05 2B 00 00 80 21 74 30
        0E 2B 00 00 80 21 74 48
        0A 29 00 00 80 21 74 60
        0F 0E 00 00 80 21 74 7C
        04 0D 00 00 80 21 74 94
        03 2C 00 00 80 21 74 AC
        01 01 00 00 80 21 74 C0
        0D 1D 00 00 80 21 74 D8
        02 2A 00 00 80 21 74 F4
        00 2D 00 00 80 21 75 0C
        0B 2E 00 00 80 21 75 20
        0C 2F 00 00 80 21 75 38
        00 00 00 00
